2 0.151240 0.630353 0.074570 0.239939
1 0.474583 0.466848 0.040059 0.179414
2 0.493644 0.638321 0.052788 0.265676
2 0.276148 0.514838 0.070491 0.174865
2 0.663923 0.627867 0.049048 0.257938
1 0.703549 0.497054 0.057220 0.208897
2 0.593620 0.534767 0.042291 0.216578
1 0.384647 0.427659 0.044527 0.192120
2 0.748900 0.551484 0.065166 0.221366
2 0.726875 0.966455 0.056726 0.067090
2 0.535232 0.871349 0.059145 0.256213
2 0.788523 0.645213 0.054814 0.260748
2 0.545415 0.540641 0.034678 0.170500
1 0.073724 0.282959 0.038141 0.146656
1 0.576863 0.253354 0.039275 0.122776