2 0.907138 0.625920 0.059937 0.187885
2 0.242127 0.603145 0.055620 0.232522
2 0.620338 0.616870 0.066474 0.344302
1 0.390083 0.470408 0.057877 0.210169
2 0.985539 0.504183 0.028357 0.241499
1 0.300034 0.464039 0.043689 0.228424
1 0.716725 0.467147 0.041580 0.217865
1 0.804101 0.367858 0.051317 0.163836
1 0.193295 0.360811 0.054121 0.192595
2 0.502088 0.594284 0.049835 0.249449
2 0.619977 0.668903 0.065413 0.239364
2 0.750174 0.522396 0.056089 0.255858
2 0.634241 0.513344 0.045193 0.137819
2 0.141251 0.554551 0.040878 0.245315
1 0.873174 0.288621 0.036046 0.089968
2 0.922205 0.972166 0.054313 0.055667
2 0.774158 0.984671 0.026602 0.030657
1 0.543442 0.224982 0.035744 0.108358
2 0.757735 0.533493 0.037826 0.224943
2 0.513881 0.788153 0.046627 0.208220