2 0.679358 0.866891 0.091760 0.263279
1 0.281831 0.496336 0.089988 0.287607
2 0.796102 0.626003 0.112293 0.339232
2 0.431048 0.586895 0.078945 0.357230
2 0.058522 0.709766 0.073214 0.414880
2 0.343194 0.601938 0.075944 0.389344
2 0.557689 0.602873 0.089836 0.410998
2 0.633921 0.701643 0.068822 0.359026
1 0.761453 0.449523 0.070818 0.176077
0 0.911154 0.509339 0.026108 0.042295
1 0.683577 0.450586 0.072527 0.192455
1 0.188082 0.168083 0.047584 0.129137
2 0.055798 0.644102 0.080396 0.546749
1 0.079349 0.166455 0.041892 0.125522