2 0.520862 0.573718 0.113509 0.199141
1 0.677661 0.439626 0.076649 0.201669
1 0.054975 0.296034 0.025251 0.185023
1 0.416649 0.208961 0.047402 0.180503
1 0.596634 0.238038 0.033086 0.188413
1 0.886983 0.406579 0.035593 0.216595
1 0.731442 0.241600 0.027185 0.196293
1 0.716157 0.303212 0.034710 0.226863
1 0.318468 0.476870 0.053360 0.188817
1 0.555119 0.287295 0.048307 0.197824
1 0.305772 0.215391 0.040299 0.198141
1 0.163689 0.244206 0.021503 0.225574
1 0.514606 0.101119 0.051573 0.177609
1 0.905173 0.133512 0.027009 0.205926
1 0.507787 0.270440 0.058094 0.140052