2 0.072172 0.727476 0.056524 0.204190
2 0.136196 0.570943 0.032805 0.138927
2 0.415891 0.801076 0.041311 0.164837
2 0.517299 0.535685 0.044928 0.181197
2 0.630173 0.701474 0.038683 0.231747
1 0.012825 0.490314 0.025650 0.167437
2 0.739460 0.525575 0.041986 0.155756
2 0.388140 0.567461 0.043442 0.146864
2 0.890044 0.974414 0.035238 0.051171
2 0.310428 0.654272 0.044965 0.212063
1 0.093777 0.407506 0.032582 0.084417
2 0.651852 0.518288 0.030541 0.129443
2 0.657279 0.552020 0.042863 0.198058
1 0.991757 0.392175 0.015615 0.164484