2 0.859666 0.594771 0.068493 0.203414
2 0.419752 0.765005 0.047822 0.233588
2 0.241608 0.575386 0.069660 0.236682
2 0.667536 0.563390 0.071204 0.276676
1 0.856333 0.340464 0.038505 0.182713
2 0.347763 0.619164 0.056941 0.234358
2 0.890955 0.966442 0.043210 0.067117
2 0.732192 0.591351 0.083382 0.234554
2 0.188378 0.547042 0.046359 0.235707
1 0.158388 0.339681 0.040115 0.153937
1 0.848257 0.341986 0.050212 0.183986
1 0.517161 0.224424 0.045889 0.112214
2 0.415096 0.553125 0.036816 0.134340
2 0.382993 0.551891 0.032842 0.211395