2 0.474810 0.652019 0.083754 0.290700
2 0.266765 0.885817 0.069357 0.228367
1 0.530415 0.360429 0.044117 0.191454
1 0.776155 0.458661 0.060769 0.333137
1 0.318037 0.492858 0.063722 0.230688
2 0.191365 0.635481 0.063049 0.273244
2 0.715862 0.697320 0.050762 0.256467
2 0.667310 0.598566 0.060084 0.173513
1 0.965315 0.213047 0.042201 0.151551
1 0.626526 0.269106 0.038498 0.091964
1 0.256171 0.208917 0.049661 0.133144
1 0.679687 0.267356 0.034446 0.105619
1 0.867708 0.251527 0.049290 0.109087
2 0.777309 0.520499 0.059661 0.208565