2 0.263723 0.682479 0.069955 0.185122
1 0.210892 0.421451 0.031844 0.170230
2 0.668348 0.700411 0.059798 0.225632
1 0.600767 0.460428 0.043773 0.185201
2 0.639826 0.511535 0.035021 0.119296
2 0.176225 0.585313 0.045877 0.156918
2 0.276311 0.542011 0.051043 0.104684
1 0.876574 0.402144 0.040082 0.181223
2 0.779704 0.649958 0.038156 0.176492
2 0.515830 0.613454 0.040386 0.158878
1 0.257319 0.349214 0.026881 0.073193
2 0.728252 0.564082 0.045799 0.166600
1 0.036669 0.322094 0.029354 0.116203
2 0.505824 0.804839 0.047962 0.230402