2 0.086814 0.675010 0.057630 0.222494
2 0.488132 0.655530 0.075564 0.243847
1 0.469857 0.488196 0.048016 0.175026
2 0.799381 0.530563 0.043707 0.200247
2 0.668448 0.717684 0.072657 0.244334
2 0.756472 0.556557 0.050280 0.195411
1 0.334575 0.424009 0.044687 0.193416
2 0.508920 0.876097 0.057249 0.245720
2 0.134551 0.586558 0.050060 0.180056
2 0.250223 0.513871 0.052867 0.143479
2 0.608627 0.584888 0.044313 0.215789
1 0.637700 0.453622 0.045196 0.123004
1 0.513423 0.496535 0.044227 0.149534
1 0.550834 0.243930 0.037857 0.129862
1 0.029341 0.275727 0.044727 0.154795