2 0.462731 0.677253 0.037942 0.201023
1 0.734913 0.402388 0.037857 0.179502
1 0.764990 0.457902 0.036045 0.199518
1 0.344420 0.446002 0.043727 0.181732
1 0.395159 0.478590 0.043586 0.189973
1 0.594878 0.380925 0.052647 0.173241
1 0.840106 0.303879 0.031522 0.160648
1 0.171429 0.322545 0.036072 0.161299
2 0.628846 0.507938 0.047878 0.275937
2 0.284640 0.514679 0.036480 0.201279
2 0.544628 0.555250 0.050337 0.216028
2 0.862401 0.957097 0.052818 0.083846
2 0.311330 0.509502 0.032675 0.187166
1 0.408713 0.359952 0.046753 0.099323
2 0.230362 0.874692 0.081621 0.246487
2 0.957801 0.811652 0.043921 0.067970