2 0.648524 0.608766 0.022639 0.127964
0 0.554410 0.495010 0.020632 0.031759
2 0.428996 0.800835 0.036617 0.158726
2 0.299540 0.669582 0.038268 0.140784
2 0.600942 0.615775 0.021022 0.110316
2 0.880088 0.554588 0.034251 0.088151
2 0.494393 0.605434 0.026349 0.137073
1 0.700195 0.493419 0.024479 0.115870
2 0.473446 0.566951 0.022123 0.126162
2 0.036000 0.934335 0.036987 0.128480
2 0.227120 0.923180 0.083556 0.152781
2 0.198416 0.568237 0.030476 0.107686
2 0.159481 0.668078 0.049620 0.169710
0 0.781032 0.492027 0.031038 0.030408
0 0.889333 0.487787 0.022147 0.034817