2 0.779321 0.783547 0.092194 0.286139
2 0.051197 0.694786 0.058617 0.266708
2 0.544289 0.649983 0.061040 0.262135
1 0.688016 0.343449 0.057847 0.192886
2 0.947473 0.535073 0.063877 0.240350
1 0.042480 0.464387 0.084959 0.218048
1 0.971175 0.236721 0.051577 0.111804
1 0.833120 0.240947 0.037253 0.109389
1 0.384965 0.179321 0.051856 0.137623
2 0.874821 0.549173 0.107766 0.216861
2 0.349966 0.636955 0.116591 0.296283
1 0.777595 0.246574 0.044549 0.103717
1 0.865173 0.381092 0.041030 0.165628
1 0.336650 0.451031 0.048889 0.111593