1 0.576690 0.492710 0.048282 0.261634
1 0.878770 0.383038 0.047122 0.204370
2 0.952582 0.512466 0.045426 0.247953
2 0.566616 0.757251 0.051838 0.251497
1 0.079806 0.441629 0.045775 0.223639
1 0.309627 0.492783 0.057984 0.255374
2 0.253496 0.559862 0.043178 0.237829
2 0.875442 0.577298 0.060161 0.290779
1 0.730780 0.340832 0.036377 0.197377
1 0.397272 0.470150 0.060039 0.260313
1 0.640769 0.397400 0.039973 0.187810
1 0.115527 0.308859 0.045481 0.219266
2 0.635883 0.584974 0.054113 0.269753
2 0.918438 0.961886 0.037439 0.076229
1 0.965199 0.227713 0.033309 0.055199
2 0.497855 0.684145 0.044832 0.243542
1 0.462899 0.390084 0.042185 0.137892
1 0.506723 0.126337 0.040979 0.144704