2 0.483125 0.512787 0.073483 0.231934
2 0.240881 0.701140 0.053346 0.261877
1 0.604174 0.317614 0.057251 0.156461
2 0.644806 0.543397 0.066719 0.215755
1 0.752387 0.252424 0.033545 0.162834
2 0.038543 0.933624 0.068207 0.131487
1 0.333368 0.414214 0.055746 0.209038
2 0.638103 0.529329 0.053288 0.190264
1 0.728980 0.385160 0.055870 0.136496
1 0.227448 0.480565 0.041613 0.233379
1 0.736682 0.411170 0.072686 0.187590
2 0.118289 0.870582 0.057683 0.133256
1 0.245081 0.331638 0.031198 0.078733
1 0.669956 0.160484 0.035017 0.097048