2 0.505631 0.517412 0.244652 0.734545
1 0.694495 0.443692 0.122322 0.487901
2 0.868680 0.728920 0.149264 0.308921
2 0.712745 0.695285 0.150646 0.321493
2 0.343630 0.805840 0.093344 0.146840
2 0.373402 0.695915 0.067505 0.315875
2 0.934959 0.628483 0.095609 0.268284
2 0.059536 0.542724 0.118951 0.234031
2 0.968657 0.509703 0.062178 0.260035
2 0.812312 0.634904 0.080137 0.267537
0 0.405286 0.828456 0.035889 0.083135
2 0.974620 0.743475 0.050329 0.257538
1 0.295189 0.476915 0.066373 0.195145
1 0.247648 0.392517 0.081580 0.141638