2 0.240606 0.586227 0.053439 0.212474
2 0.117702 0.554259 0.049419 0.202387
1 0.406932 0.408615 0.037686 0.191451
1 0.906764 0.307411 0.037189 0.184887
1 0.755489 0.455571 0.061961 0.147718
2 0.512829 0.883555 0.042705 0.232890
2 0.767423 0.600268 0.055459 0.209255
2 0.818984 0.514989 0.030302 0.177064
1 0.155608 0.319919 0.040733 0.188853
2 0.334259 0.634162 0.052451 0.292785
2 0.686276 0.632018 0.071178 0.203200
2 0.672407 0.630579 0.042760 0.203486
2 0.336046 0.667029 0.043383 0.224778
2 0.112682 0.549463 0.035083 0.199226
1 0.601301 0.458462 0.052077 0.162450
1 0.454896 0.142427 0.031279 0.130692
1 0.590830 0.460835 0.031440 0.158199