2 0.195166 0.523310 0.051682 0.230985
2 0.543447 0.757197 0.043557 0.223862
2 0.918398 0.572574 0.068070 0.207071
1 0.851290 0.434574 0.054286 0.188641
2 0.740052 0.616700 0.078812 0.175807
2 0.327681 0.583420 0.065452 0.202138
1 0.364544 0.342065 0.033597 0.182542
2 0.673012 0.633151 0.065239 0.246865
1 0.513312 0.397672 0.044239 0.165836
1 0.738625 0.445227 0.045030 0.170963
1 0.679883 0.463766 0.042489 0.155309
1 0.311782 0.462740 0.040307 0.172190
1 0.314891 0.448787 0.033342 0.147171
1 0.919179 0.331592 0.037207 0.179767