1 0.603195 0.499153 0.254129 0.842512
2 0.396586 0.645285 0.167964 0.477091
2 0.784763 0.866331 0.089151 0.267338
2 0.889079 0.859972 0.155899 0.280056
2 0.148377 0.922141 0.072023 0.155717
2 0.844480 0.624377 0.120104 0.259832
2 0.963869 0.753379 0.071816 0.383961
2 0.057274 0.925036 0.112376 0.149928
1 0.056339 0.254249 0.111962 0.224454
2 0.211109 0.762623 0.088551 0.228787
2 0.218947 0.912054 0.096283 0.175892
2 0.542359 0.821171 0.064492 0.121649
0 0.520110 0.414323 0.103557 0.168773
0 0.515328 0.378951 0.079463 0.095289