2 0.659121 0.680566 0.080077 0.271155
2 0.129590 0.604797 0.074474 0.249430
1 0.896469 0.436396 0.044421 0.236063
2 0.776724 0.500728 0.097741 0.242098
1 0.075483 0.431300 0.063478 0.160762
2 0.513397 0.531070 0.046691 0.262095
1 0.849646 0.266442 0.043711 0.196734
1 0.601612 0.342717 0.061916 0.156327
2 0.385630 0.734987 0.059441 0.291202
2 0.037045 0.936820 0.072147 0.124390
2 0.982788 0.936141 0.033913 0.111413
2 0.945827 0.922197 0.052986 0.103650
2 0.239997 0.934653 0.057285 0.126149
2 0.190321 0.952698 0.062733 0.091002
2 0.786644 0.940089 0.067389 0.119821
2 0.053377 0.934812 0.106239 0.129544
1 0.456152 0.312361 0.051206 0.178024