2 0.689606 0.649817 0.070498 0.226542
2 0.069604 0.610339 0.089680 0.211426
2 0.326747 0.751220 0.049201 0.241147
2 0.630071 0.568587 0.049243 0.196832
1 0.777994 0.463335 0.088636 0.262161
1 0.692803 0.310687 0.032341 0.181150
1 0.499313 0.486180 0.051088 0.179806
1 0.403757 0.416388 0.032821 0.205775
1 0.101206 0.464210 0.043679 0.160227
2 0.274306 0.925974 0.051452 0.137635
2 0.224753 0.924484 0.055128 0.143727
1 0.509434 0.486754 0.068572 0.171881
1 0.120611 0.323756 0.048242 0.197614
1 0.862436 0.227140 0.032075 0.099878
1 0.915943 0.244079 0.032157 0.117275