2 0.475833 0.612590 0.056284 0.213289
2 0.530365 0.768452 0.042858 0.225588
2 0.671023 0.647971 0.042584 0.243500
1 0.398037 0.402792 0.028836 0.172210
2 0.778915 0.604146 0.056390 0.220722
2 0.239664 0.551126 0.032903 0.201594
1 0.800012 0.460810 0.034290 0.216505
2 0.535200 0.583447 0.043932 0.198590
2 0.710316 0.505516 0.039647 0.193402
1 0.663233 0.496832 0.035559 0.139736
2 0.312790 0.571236 0.038486 0.177525
1 0.887248 0.366067 0.027580 0.159706
2 0.088524 0.971261 0.045796 0.057478
1 0.071434 0.278128 0.030416 0.112353
2 0.041885 0.970769 0.052905 0.058462
1 0.525471 0.438099 0.031869 0.080774