2 0.480386 0.780926 0.045832 0.207799
2 0.116678 0.555717 0.032000 0.163205
2 0.744155 0.618162 0.045929 0.170646
2 0.518547 0.586502 0.032423 0.197524
1 0.090349 0.449097 0.037748 0.158317
2 0.674288 0.520418 0.042950 0.155303
2 0.371060 0.672462 0.057275 0.192772
2 0.765516 0.558235 0.029574 0.162596
2 0.350274 0.513461 0.027580 0.121013
2 0.409456 0.513736 0.035950 0.171423
1 0.011470 0.348465 0.022940 0.092965
1 0.880289 0.351369 0.039037 0.118435
2 0.299615 0.599927 0.036246 0.169779
2 0.763418 0.538111 0.024043 0.126126