1 0.599068 0.477415 0.048840 0.225537
1 0.755036 0.465887 0.072500 0.150612
2 0.041013 0.661941 0.053635 0.231345
2 0.763659 0.746395 0.090846 0.265040
2 0.625143 0.596110 0.065406 0.210130
2 0.433968 0.806242 0.049923 0.147402
2 0.094857 0.567101 0.054996 0.247503
2 0.848927 0.511501 0.035052 0.176518
1 0.259208 0.424120 0.043960 0.181144
2 0.436663 0.613799 0.076912 0.247733
2 0.132246 0.507572 0.051093 0.162199
2 0.300202 0.959931 0.055960 0.080137
2 0.889269 0.625061 0.082000 0.175772
1 0.467069 0.256075 0.036134 0.139324