2 0.752565 0.753934 0.049216 0.226801
1 0.688470 0.464164 0.027662 0.187876
2 0.428516 0.597397 0.051655 0.223828
2 0.316165 0.540529 0.044460 0.184108
2 0.824421 0.579622 0.066978 0.215523
1 0.621461 0.409689 0.035258 0.154429
1 0.887909 0.468258 0.038725 0.181037
1 0.377184 0.428803 0.039295 0.158393
2 0.796963 0.512652 0.028731 0.188337
2 0.383188 0.848058 0.043222 0.073144
2 0.957806 0.542364 0.044501 0.158100
1 0.259652 0.385407 0.027081 0.116832
1 0.471418 0.362236 0.039937 0.151560
2 0.958985 0.519205 0.045801 0.221894