1 0.413107 0.479122 0.040792 0.156397
2 0.586152 0.842113 0.043750 0.190551
1 0.703708 0.445706 0.030928 0.153537
1 0.500328 0.182344 0.024492 0.121672
1 0.411555 0.181416 0.029234 0.111663
1 0.189228 0.341002 0.019507 0.131507
1 0.582738 0.184019 0.025450 0.115641
1 0.491580 0.346045 0.040768 0.167540
1 0.234203 0.338578 0.018588 0.165203
1 0.547389 0.279703 0.041896 0.137753
1 0.762289 0.254410 0.021580 0.148103
1 0.550683 0.407964 0.036358 0.228283
1 0.368384 0.218786 0.024414 0.095532
1 0.460300 0.359022 0.029046 0.115346
1 0.554375 0.448657 0.028368 0.122260