2 0.195227 0.618087 0.050813 0.239724
2 0.144026 0.565167 0.073750 0.231231
2 0.702834 0.587799 0.054381 0.244760
1 0.255319 0.485422 0.061298 0.222748
2 0.486228 0.867003 0.049155 0.265993
1 0.403860 0.488276 0.038020 0.176760
1 0.856137 0.431125 0.041426 0.184663
1 0.103725 0.399815 0.034155 0.178584
1 0.263377 0.481237 0.044569 0.214781
2 0.477163 0.579560 0.050333 0.256633
2 0.138287 0.562719 0.055537 0.187207
2 0.646622 0.616316 0.050804 0.269765
2 0.638549 0.631453 0.067950 0.301866
1 0.884134 0.299108 0.032602 0.079860