1 0.801729 0.327170 0.029213 0.139750
2 0.390583 0.624181 0.053962 0.190316
2 0.770932 0.632204 0.032300 0.183811
2 0.305052 0.577089 0.037768 0.182320
1 0.699324 0.484287 0.043038 0.166925
2 0.618232 0.673048 0.033537 0.188882
2 0.247223 0.546430 0.037365 0.165251
1 0.396389 0.424659 0.028761 0.100071
2 0.519905 0.834928 0.039712 0.205912
1 0.548581 0.447936 0.030027 0.124123
2 0.799382 0.536469 0.032348 0.173576
2 0.344248 0.567743 0.030867 0.192576
2 0.541192 0.567476 0.037331 0.177935
2 0.520607 0.806271 0.038988 0.145456