2 0.505006 0.659953 0.052325 0.199909
2 0.427901 0.546091 0.064784 0.153807
2 0.687153 0.632880 0.042998 0.249716
2 0.388978 0.802144 0.034471 0.162473
1 0.821992 0.368276 0.026286 0.103421
2 0.050499 0.692823 0.051858 0.182213
1 0.563827 0.450276 0.029595 0.135571
2 0.147704 0.620532 0.037111 0.166695
2 0.277294 0.626396 0.037148 0.187018
1 0.970321 0.368237 0.026054 0.123665
2 0.274887 0.643748 0.031290 0.153292
1 0.893207 0.354411 0.027179 0.098021
1 0.865547 0.360045 0.029963 0.095268
1 0.947223 0.351739 0.022738 0.100882