2 0.170335 0.606950 0.079264 0.196703
2 0.222089 0.684141 0.102116 0.238089
2 0.729308 0.522351 0.044336 0.150951
2 0.525373 0.787229 0.049717 0.181206
2 0.841977 0.600180 0.048141 0.183337
2 0.769880 0.650186 0.058424 0.165318
2 0.059822 0.556761 0.042602 0.199329
1 0.085098 0.450605 0.029961 0.166437
2 0.045783 0.952873 0.057137 0.094254
2 0.976599 0.964202 0.045000 0.071597
1 0.767692 0.388465 0.041642 0.161387
1 0.523395 0.493346 0.044695 0.145590
1 0.421619 0.445956 0.047374 0.228390
1 0.493145 0.303855 0.037183 0.138349
2 0.791598 0.966005 0.056342 0.067269