2 0.570717 0.693608 0.043944 0.226227
2 0.344193 0.634484 0.057035 0.217850
2 0.750913 0.624480 0.037727 0.199193
2 0.506289 0.842247 0.045441 0.224284
2 0.267709 0.682707 0.044424 0.207445
2 0.699030 0.552550 0.056954 0.174173
1 0.459663 0.359475 0.038310 0.124532
2 0.775317 0.593382 0.025014 0.173892
2 0.498279 0.619713 0.054709 0.261112
1 0.331777 0.492343 0.042279 0.144825
2 0.369395 0.610905 0.033958 0.197633
2 0.951483 0.967207 0.036896 0.064858
2 0.743351 0.965529 0.053761 0.068941
1 0.856682 0.438420 0.038767 0.196895