2 0.403557 0.801794 0.043893 0.175170
2 0.075459 0.582585 0.052806 0.186691
2 0.468377 0.522567 0.034592 0.156829
2 0.729911 0.688327 0.059735 0.215503
2 0.580481 0.591340 0.060053 0.198703
2 0.364694 0.606409 0.034519 0.193980
2 0.216946 0.623701 0.048083 0.185059
1 0.123756 0.451157 0.033121 0.162900
2 0.381188 0.541842 0.028690 0.163712
2 0.693675 0.569523 0.045598 0.155303
1 0.876886 0.309340 0.042331 0.087646
1 0.261233 0.496311 0.032781 0.102890
1 0.648367 0.430980 0.034010 0.133248
2 0.195838 0.505839 0.021898 0.118035
1 0.625044 0.456892 0.026472 0.118944