2 0.227225 0.632210 0.056771 0.202750
1 0.200773 0.399962 0.033048 0.177041
2 0.636432 0.661007 0.049925 0.257761
2 0.479383 0.614362 0.044983 0.197956
2 0.799361 0.604344 0.043226 0.187911
1 0.272895 0.482283 0.037763 0.148997
1 0.523645 0.493610 0.044366 0.193890
1 0.287470 0.319048 0.034424 0.092367
2 0.188771 0.599568 0.037552 0.196082
1 0.621036 0.464578 0.054009 0.162156
2 0.188227 0.582390 0.029605 0.208882
1 0.019309 0.283249 0.033368 0.119149
1 0.895664 0.380366 0.038171 0.189808
2 0.906008 0.966956 0.047722 0.066089
2 0.695135 0.557425 0.040764 0.179646
1 0.675315 0.443708 0.033173 0.140746
2 0.698522 0.540927 0.050515 0.237242