1 0.972815 0.423736 0.053834 0.206420
2 0.728725 0.757013 0.049242 0.250186
2 0.649244 0.540551 0.041211 0.192700
1 0.909231 0.367052 0.044096 0.174256
2 0.162778 0.575181 0.041473 0.225473
1 0.303426 0.481478 0.062504 0.189158
1 0.550146 0.433484 0.055354 0.208483
2 0.113120 0.921674 0.049996 0.156652
1 0.372844 0.295893 0.032359 0.169950
2 0.193582 0.921322 0.048083 0.157356
1 0.762732 0.498259 0.045176 0.178348
1 0.369437 0.291882 0.043810 0.183149
1 0.017926 0.243097 0.035812 0.159446
2 0.153658 0.919657 0.042441 0.160359
1 0.430389 0.338519 0.042628 0.157786
2 0.383655 0.605284 0.067241 0.099837