2 0.664597 0.661141 0.052431 0.210925
2 0.481506 0.500459 0.044082 0.136065
2 0.627975 0.577449 0.051451 0.154432
2 0.423992 0.770025 0.043425 0.200426
2 0.150518 0.620636 0.031397 0.179091
2 0.819937 0.612713 0.071471 0.159763
1 0.757303 0.469076 0.034089 0.140860
2 0.397367 0.561838 0.039310 0.218971
1 0.897004 0.431855 0.032286 0.136954
2 0.091812 0.533114 0.034687 0.146214
2 0.165185 0.520687 0.040946 0.122527
2 0.836805 0.547939 0.053365 0.138521
1 0.270103 0.429314 0.034263 0.148531
2 0.555129 0.847157 0.050297 0.073085
1 0.042477 0.323090 0.034314 0.128310
1 0.437185 0.293821 0.030371 0.107090