2 0.294870 0.602958 0.084285 0.230122
2 0.781805 0.754177 0.070202 0.118083
2 0.534508 0.701836 0.051767 0.216217
1 0.220636 0.362935 0.039741 0.188791
2 0.485275 0.690302 0.037807 0.215584
1 0.799494 0.364504 0.038332 0.199914
2 0.394244 0.521453 0.041756 0.208386
2 0.660184 0.577321 0.057409 0.226723
2 0.706996 0.921253 0.043728 0.157494
2 0.104003 0.886917 0.057956 0.129517
2 0.546338 0.844521 0.046262 0.071430
1 0.750823 0.476195 0.037105 0.192475
2 0.256201 0.578321 0.037680 0.235050
2 0.190141 0.914940 0.087913 0.169937
2 0.783446 0.922706 0.065074 0.152214
1 0.263218 0.447320 0.033537 0.110070