2 0.897624 0.724429 0.051140 0.203994
2 0.118749 0.561169 0.050416 0.189983
2 0.578636 0.826237 0.039231 0.113550
1 0.156749 0.334967 0.027491 0.187806
2 0.281695 0.524944 0.050842 0.143328
2 0.321915 0.783467 0.049798 0.191220
1 0.378285 0.367683 0.055891 0.168841
1 0.854033 0.484611 0.050271 0.130867
1 0.571470 0.475823 0.050113 0.188849
1 0.428146 0.467063 0.034368 0.191257
2 0.117608 0.559007 0.035702 0.184270
1 0.533703 0.200388 0.035432 0.178581
2 0.472718 0.585663 0.045921 0.210365
1 0.988353 0.349583 0.022606 0.186064
1 0.038720 0.067017 0.032704 0.111248