2 0.769031 0.570733 0.041103 0.208056
1 0.392338 0.313202 0.040438 0.181253
1 0.489405 0.460618 0.046934 0.214263
1 0.312073 0.343152 0.040728 0.179121
1 0.623977 0.257291 0.045073 0.132304
2 0.318433 0.601537 0.050131 0.192349
1 0.563238 0.458127 0.035724 0.189278
1 0.083085 0.432162 0.025333 0.176794
2 0.621340 0.749003 0.048158 0.243681
1 0.431175 0.475027 0.034369 0.210926
1 0.845838 0.316594 0.027952 0.187758
1 0.146429 0.417183 0.024583 0.243056
1 0.429385 0.477525 0.047286 0.198196
1 0.523392 0.331600 0.046542 0.163447